4 30 1
8 31 2
12 5 3
33 12 4
5 23 5
1 38 6
37 0 7
22 20 8
4 34 9
13 4 10
4 17 11
7 23 12
18 4 13
5 1 14
3 22 15
18 34 16
10 15 17
38 36 18
32 12 19
10 7 20
32 9 21
40 13 22
37 7 23
38 18 24
3 36 25
38 26 26
8 2 27
22 31 28
40 35 29
17 1 30
16 41 31
2 15 32
15 39 33
26 7 34
9 12 35
41 34 36
19 9 37
13 29 38
34 9 39
4 1 40
5 38 41
3 16 42
21 15 43
3 30 44
19 19 45
24 36 46
0 26 47
1 6 48
8 23 49
11 25 50
27 24 51
31 28 52
25 2 53
41 0 54
19 34 55
4 40 56
19 2 57
32 13 58
17 0 59
22 8 60
36 41 61
28 22 62
24 0 63
38 5 64
36 40 65
3 1 66
1 13 67
4 11 68
38 33 69
41 25 70
17 26 71
18 21 72
16 22 73
29 7 74
23 11 75
4 21 76
37 12 77
8 14 78
18 18 79
18 30 80
38 6 81
8 33 82
11 37 83
8 24 84
28 30 85
39 26 86
12 38 87
34 36 88
34 30 89
33 39 90
4 22 91
6 40 92
36 16 93
29 6 94
14 20 95
33 21 96
16 0 97
31 8 98
17 14 99
23 24 100
19 25 101
40 4 102
4 0 103
3 28 104
23 16 105
20 30 106
7 10 107
35 14 108
15 9 109
19 26 110
8 37 111
1 37 112
4 37 113
23 19 114
24 2 115
14 6 116
35 17 117
13 31 118
2 16 119
36 4 120
40 8 121
2 22 122
40 27 123
14 21 124
15 5 125
26 9 126
15 32 127
8 18 128
37 32 129
39 29 130
36 28 131
31 26 132
5 26 133
0 19 134
3 33 135
17 36 136
38 15 137
4 38 138
3 31 139
4 36 140
10 34 141
12 0 142
21 18 143
20 12 144
11 11 145
23 0 146
36 20 147
26 37 148
31 2 149
29 8 150